MAE: 1749.9316133586065
MSE: 6743509.50985106
RMSE: 2596.8268155291103
R^2: 0.9515994042246276